"haplotype_id"	"num_snps"	"s_1"	"s_2"	"s_3"	"s_4"	"s_5"	"s_6"	"s_7"	"s_8"	"s_9"	"s_10"	"median_s"
"2L.1"	2264	0.0384963141186443	0.0223555429328474	0.0379367082368127	0.0830680092440223	0.015129811205843	-0.0130774603572998	0.0646282569587316	0.0151939148771242	-0.0121795019559313	0.075966822799181	0.0301461255848301
"2L.8"	360	0.0238963296344441	0.0267226289098652	0.00878881264787587	0.0736639463680478	0.0464995923844026	-0.0353387562254243	0.0444172093836102	-0.00819604422933854	0.0293627515711258	0.103470184209265	0.0280426902404955
"2L.9"	31	0.0306378561335462	0.0493746621928314	0.00692969811452128	-0.00966611898133534	0.00490718855471194	0.0158522824626381	0.0575820821605564	0.0264030326710488	0.0475760252620765	0.0534140113258485	0.0285204444022975
"2L.10"	358	0.0406901015587755	0.0286620509004133	0.0173173179720986	0.0438402492645917	0.0563711068598852	-0.00674227512365713	-0.0150661707914352	0.0585661712257214	0.00839559965033195	0.0727820779431606	0.0346760762295944
"2L.11"	20	0.0357832713518064	NA	0.0597425504489129	0.0653273264932984	0.0158708107832176	0.0405881772521564	-0.0933042693902421	-0.0357507614413496	0.0454677497320995	0.051770567609435	0.0405881772521564
"2L.12"	216	0.0651383764789099	0.055756140816135	0.0569304174871115	0.0695728622358426	0.0488393176370661	-0.0283855779743384	0.077301778855046	NA	0.0633631683442323	0.0782998321516261	0.0633631683442323
"2L.13"	1616	0.0186147800041565	0.0543614374822234	0.0464115491091587	-0.00117394585911808	0.0516884880167969	0.0203796351276393	0.0196079679615835	0.00769135320675873	0.031809054293411	0.0402599388079943	0.0260943447105251
"2L.14"	75	0.0586792270190619	0.0559204708004832	0.0718372586313519	0.021743486651001	0.0484449592638993	-0.014529271282685	0.0597097356764855	0.0578911168319394	0.0202459764943938	0.0339586825111712	0.0521827150321912
"2L.15"	34	-0.0181251482445786	0.0659235873982026	0.0298495416123771	0.0279641997341699	0.0355648405591913	-0.0582953668587755	0.0295027258173283	0.0600773640720618	0.0225499331777462	0.014858577497264	0.0287334627757491
"2L.2R.16"	1620	0.025852586957591	0.0506159729917441	0.0592107344970889	0.0360377607132178	0.0221834265679663	-0.00309010346425887	0.0354706401232935	0.024240161197387	0.0209982264031011	0.0568949698118503	0.0306616135404423
"2L.2"	30	0.0749685490670348	NA	NA	NA	NA	NA	NA	NA	NA	NA	0.0749685490670348
"2L.3"	404	0.00182125340417096	0.0220149537728796	0.0246005010076243	0.0426726665535234	0.0587186973564394	0.0332131293523861	0.0439589526840662	0.074921568487748	0.0061528256535877	0.0363067341401559	0.034759931746271
"2L.4"	616	0.011326793734312	-0.0469718039301307	-0.0289068170422962	NA	NA	0.0492311181129637	0.0429284762768879	0.12884650466424	0.0201022984721869	-0.0211064792011494	0.0157145461032494
"2L.5"	21	0.0457039486629312	0.0352335429278549	0.0285780450920448	0.0608344752704309	0.00964345856806981	0.0236109520276889	0.030423763684209	0.0536098133910674	0.00587495992801039	0.0933234689901142	0.032828653306032
"2L.7"	26	0.0158720649474472	0.0070678590535299	0.0675384845593396	0.0210501902046624	0.0483826034861014	0.00466491333158286	0.0454322829606774	0.0440034753419501	-0.00792774098502391	0.0109039812540995	0.0184611275760548
"2L.6"	29	-0.0394851572822945	0.0213951295390798	-0.0572167004581496	0.00192021140596347	0.0328523887759854	0.0193272831750981	0.0462957518818445	0.0586945852963156	0.0613753586981521	0.0387716936601894	0.0271237591575326
"2R.17"	602	0.00967984641603625	0.0641448760408372	0.0886558466681238	-0.00359258851108841	0.0468654889248085	NA	0.000520499782512625	-0.00287225364639826	0.0552189126221422	0.0531327677046933	0.0468654889248085
"2R.27"	29	-0.0109167855546151	0.0193931678411284	0.0345013161550166	-0.0203403764760886	0.0250653659318891	0.00175022465022386	0.0856688152709436	0.0569819842053248	-0.0189525500289054	-0.0109549353678433	0.0105716962456761
"2R.28"	275	-0.0100849661264038	0.0590436879451756	0.0416708727947688	0.0454434947631731	-0.0503375160474285	-0.0503006388229018	0.0218648210520967	0.0347472576774822	0.0731377794922182	0.0648841907699176	0.0382090652361255
"2R.29"	28	0.0487821164918812	0.0514223083945581	0.0417689589588259	NA	0.0896003005057078	NA	0.0636221500374647	NA	0.0809456043182622	-0.020890592602838	0.0514223083945581
"2R.30"	62	0.0108999161304397	0.0897824481439253	NA	0.0486469075815548	0.0471641114799122	NA	0.0339791245928586	0.103718905279008	0.0630258580354451	0.0738380335715806	0.0558363828085
"2R.31"	22	NA	NA	NA	NA	NA	0.070009274036033	0.143417646245349	NA	0.149754790952202	NA	0.143417646245349
"2R.32"	44	-0.0821717992872749	0.0171858979106064	-0.0014697596375234	0.0450357194049932	-0.0405132046281879	0.0571233266835158	0.0525267675311008	0.0547217668608542	0.0559327249562882	0.0601989878689087	0.048781243468047
"2R.19"	234	NA	0.0608228480211581	0.0469310088042745	NA	0.108966053854617	NA	NA	NA	0.0662712046370624	0.104701272459202	0.0662712046370624
"2R.18"	86	0.0657515238661444	0.0624661205743841	0.0786651304071733	-0.00276387081937353	0.0463778148050234	0.0227686359681622	0.0965796232875989	-0.000119336051077515	0.051686802769599	0.0427291561014291	0.0490323087873112
"2R.21"	20	0.0386324120159119	0.0549465406843954	0.0332957450934524	0.0343168489536234	0.0160429283523936	0.0920991513684034	0.0139636611934372	0.0119948141755604	0.0450417172064871	-0.0379380196613089	0.0338062970235379
"2R.20"	33	0.0323612102538069	0.0419016740168996	0.0459186893717045	0.0615195809142481	-0.0176176989564342	0.0581963005053986	0.0513320220717823	0.0510687914164586	-0.00740282633219894	0.0145786157294706	0.0439101816943021
"2R.22"	289	0.0400724207940596	0.0774252537058877	-0.0485095744202281	0.0813514845711434	-0.0348002718211086	0.0272770107837984	0.0461576879714569	0.00971236374938613	0.0378475420596942	0.0680085954959246	0.0389599814268769
"2R.23"	29	0.0678619461906084	NA	0.108649385993138	NA	NA	0.134439671302292	NA	NA	0.129906930654767	NA	0.119278158323952
"2R.24"	20	0.0694960954668894	0.036734206522109	-0.0121026066145052	0.0501480690971724	0.151412692855075	0.0384592576312756	0.0505538798443106	0.0185698336942325	0.0621165783692425	0.059962586607818	0.0503509744707415
"2R.25"	42	0.0604129904389645	0.0733037731358476	0.0430484922171024	-0.064848281593543	0.0246776278960947	-0.0415364883854622	0.012966335056419	-0.0899415340503395	0.0722045700307366	0.0424744432770131	0.0335760355865539
"2R.26"	21	0.0224063938461319	0.00223888811812801	0.0389401860155768	0.0294563190166252	0.0274012731209322	0.014659661688308	0.0462723159621378	0.000392161385986216	0.0572937870751504	0.0485822085831881	0.0284287960687787
"3L.14"	61	-0.00270652962195096	0.0937624312591411	0.0556092804152345	0.00270487525124103	0.0187706139495542	0.0152164904749677	0.0388879503174655	-0.0897422111133649	0.0669009654703786	0.0196869180414587	0.0192287659955064
"3L.4"	153	0.0577830187034693	0.00853111247124001	0.0769166369265492	0.044643835211814	0.022681350976361	0.0211996255573332	0.0654913257584229	0.0128852228436353	0.0664083495438005	-0.0357813338386479	0.0336625930940875
"3L.15"	21	0.0477741804361969	0.00674122888316321	0.0402845051124156	0.0373021427283739	-0.0599093443906069	0.00536434556042123	0.0198412490352661	0.0444561470282531	0.0123817318505747	0.0411692027653084	0.02857169588182
"3L.16"	196	0.0255487336129494	0.00449405689534335	0.0367248525076788	0.0181723280040692	0.0119218268144432	0.0326000735574276	0.0346026437354137	0.0681686314005691	0.042182642221724	0.0586665344718896	0.0336013586464206
"3L.3"	1086	0.0612631336813735	0.0360448585992943	0.0064154680690663	0.0680094993878228	0.0370386889944876	0.0170390490971534	-0.00152237701671598	0.0610721984051919	0.00503181875628059	0.036138276920644	0.0360915677599691
"3L.17"	70	0.0366119198709847	-0.0118046886944695	0.0128498670042784	0.0297117348737007	-0.047143144767259	0.0115160237807145	0.0907210021301151	-0.0719568417444041	0.00873825789408962	0.0233334055842128	0.0121829453924964
"3L.18"	859	0.0273050917824773	-0.00274548694842803	0.0522936266848454	0.0292194669573134	-0.00194625224252341	0.0234486879896073	0.0231049060186648	0.036359326500828	0.0212602132747107	0.0222609790858552	0.0232767970041361
"3L.19"	87	0.0744638948045381	0.0417046090922788	NA	NA	0.0595060166043338	-0.00513835599424198	0.11308881155414	NA	NA	0.0975483780716195	0.0669849557044359
"3L.20"	31	0.00820538063884681	0.0376235637403919	0.0727671582254522	-0.0223558108235962	0.0754306612200539	0.0441889913101152	0.106838525337525	0.0316360184899049	0.0127759064377601	0.0200809404965022	0.0346297911151484
"3L.21"	111	0.0137971387531564	0.00102123231539632	0.0366458258136148	-0.00243417116716299	-0.0190807597763938	0.00149837959540887	0.0902441766914754	0.0340737366680825	0.00928218057822854	0.0462275850760516	0.0115396596656925
"3L.22"	35	-0.0182707136169896	-0.0750761451506416	NA	-0.00293690891700891	NA	-0.000770747247361814	-0.0305889697281426	0.117870556652051	-0.0215182261508701	-0.0301058848052398	-0.0198944698839298
"3L.23"	157	0.0301529391415709	0.0516865804137056	0.0748988402557051	0.0408146211639409	0.0595050019946794	0.0265529699648557	0.0385256900836019	0.0178786308590385	0.0146852142639812	0.00712951281157549	0.0343393146125864
"3L.24"	20	NA	0.0111280405770623	NA	0.0875058406197947	0.0961067060330083	0.0596654402117531	0.00665188524873771	NA	0.0364015817946359	NA	0.0480335110031945
"3L.25"	246	0.0134819740594655	0.0266802749499372	0.0527307387063946	0.0416991075758035	0.113139020959809	-0.00489337987149153	-0.00690797807344341	-0.0803282019325984	0.0314986937250314	0.0428538607397663	0.0290894843374843
"3L.26"	28	-0.000298424819591723	0.0346231804913645	0.118842390843608	0.0735031888268429	0.083540144543859	0.0623001744539844	NA	0.00428177180858232	0.0376735226834255	0.0596507927149986	0.0596507927149986
"3L.27"	20	0.0727078349453132	-0.0683280357301182	NA	NA	NA	0.039755332373616	0.0821416791562961	0.0499840391340157	0.0903316080676547	0.0533490179464729	0.0533490179464729
"3L.29"	54	0.0254770324064286	0.0515788346996664	0.044493221989768	0.058107286104698	0.0906699513206128	0.0360768475970635	-0.00215183512688668	NA	-0.0521780272754641	0.00398989115815823	0.0360768475970635
"3L.28"	36	-0.010157648627095	0.0100309693585385	0.0425759379119923	0.0557654794500752	0.0699796489756244	0.0486930457106129	0.0426127925192861	0.0313689725592308	0.0404878616150219	0.0454802937109679	0.0425943652156392
"3L.3R.30"	3854	0.0301838892069104	0.0326259068302669	0.106693194664635	0.0200762125381197	-0.00931094966257399	0.00561117716064049	0.0794398646139157	0.042591125035227	0.0105059738273901	0.0114394821345013	0.025130050872515
"3L.5"	38	-0.00036737507851359	0.016240727772353	0.0127412021806016	0.0704080031713799	0.0939982753909726	0.0201698828395413	0.0255625551669266	0.0169321042922465	0.0406966424389996	0.0101966552958545	0.0185509935658939
"3L.1"	32	0.0302995002639596	NA	NA	0.0604962442308966	0.00228718779503708	0.0164623017336147	0.0461881266712506	0.0747887475621393	0.0666342760200266	0.0636785181053325	0.0533421854510736
"3L.6"	28	0.0590713654022125	0.0281516554053829	0.0436085099119121	0.0220163157556223	0.0176093595753822	0.0308266586549713	0.0459515826320511	-0.00597652257597195	0.0203492198143339	-0.00787287442949054	0.0250839855805026
"3L.2"	22	0.0266249495336483	0.000413294319522556	0.0787964531862446	0.0906670853943561	0.028239531470256	-0.0117518421658703	0.0347229811751863	0.0472389575855335	0.0711171731362661	0.00647549168379694	0.0314812563227211
"3L.7"	47	0.0312497646508253	0.0238077283924706	0.0733668433392042	-0.0040320992487633	0.0184410719144797	-0.0112737627032999	0.0312775540091112	0.0444704345598129	0.0251985589575484	0.0311700857798743	0.0281843223687114
"3L.8"	48	0.0490892693481137	0.0199641237152935	0.0232897649077087	0.0264444245118524	0.0387568767197635	-0.0388590639899368	0.021688163889204	0.0329068640464135	0.0272186893755383	0.0125843994448745	0.0248670947097805
"3L.9"	25	0.00518047012913434	0.0379076550857667	0.0849293816316463	0.0246576981759489	0.0409871158950176	0.0474728411610429	0.0130192165204805	0.0632773841943271	0.00439021528103474	0.0148509091811596	0.0312826766308578
"3L.10"	27	0.00289730292517009	0.0930781773558619	-0.00692131215927484	0.0510686107393349	0.058710614790894	0.0259466857639559	NA	0.0108308748541384	0.065255204878487	0.0967110668580373	0.0510686107393349
"3L.11"	22	0.120709502900154	-0.0431750635566889	NA	0.00560550202957114	-0.00240614973674159	NA	NA	-0.0342125416979215	0.0793017036300034	0.0403008355728008	0.00560550202957114
"3L.12"	21	0.0735115483131189	0.0876830655585445	NA	NA	0.052652831642814	0.0016798004583802	0.0673911074686396	0.0344247597654475	0.00237425030961226	0.038246748427918	0.045449790035366
"3L.13"	21	0.0788092887333128	0.0291580576320427	0.0386342364207273	0.0774473059965629	NA	0.0410949219598142	0.0686146344044451	0.0251549793439246	-0.00750690494440144	-0.0340093481799401	0.0386342364207273
"3R.41"	3835	0.0257893472762761	0.0676723497557684	0.0796646097299263	0.0185041960887524	0.0391075572721209	0.0380709308701424	0.016143273413071	0.0648606480664569	0.0308334011573759	0.0237398458510213	0.0344521660137592
"3R.44"	44	NA	-0.0477754941138269	0.0856118087499212	0.101789267245376	0.108071642897374	NA	NA	NA	0.0636882055078205	NA	0.0856118087499212
"3R.31"	23	NA	0.0212572458540205	NA	0.0819968449194194	NA	0.104694674466917	0.0927113837783125	NA	0.0587202143685789	0.0891486418888725	0.0855727434041459
"3R.45"	377	0.0280729553658248	0.0736152515645336	0.063986428024598	0.0860974397063356	0.0053238235523153	0.0203859639859191	0.0146646868042334	0.039538010934346	0.0299666411588031	0.0460332891181727	0.0347523260465746
"3R.46"	91	0.054593734026014	-0.041189729378291	NA	0.0240711572477732	-0.0343071546938191	0.0848297405139827	0.0611725166308452	0.0356068924633332	0.0924196240746594	NA	0.0451003132446736
"3R.47"	27	NA	0.0607406225570921	0.123902900293725	0.0616109940238816	0.0590246700667993	0.0919895105801291	NA	NA	NA	0.0562206902548623	0.0611758082904869
"3R.48"	217	0.0425571396439294	0.00277329812849912	0.030873003764611	-0.0122740311645264	0.0337247871974724	0.0398482837299796	0.0741371159184183	0.0291594860271085	0.00335557484086922	0.0162552399553948	0.0300162448958597
"3R.49"	26	0.053066620231512	-0.00608400592620543	-0.00922208792793863	0.0457209159516267	-0.00821186042778361	-0.0240239022122634	-0.0823886207742549	0.114900900307498	0.0109140331456274	0.0156968417896097	0.00241501360971101
"3R.50"	36	0.00422266161549966	0.020937528244233	0.047919625765836	0.00469588157762746	-0.0465903709190524	0.0615000766273536	0.0860460033842577	0.000375943800695254	0.0464572025245674	0.0446592677305695	0.0327983979874013
"3R.51"	20	0.0539312805594194	0.112117567164277	0.0743945347164133	0.0416892820418297	0.0230060746048538	0.100126207357705	0.0813783007534746	NA	-0.0656503190209426	NA	0.0641629076379164
"3R.52"	74	-0.00723644377606439	0.0136450439728407	0.0193570321437371	-0.020954022917074	0.0445431272389973	0.0337224110971522	0.0320416050384541	0.00452509370675259	0.0413793136087508	0.0566645281640383	0.0256993185910956
"3R.53"	20	-0.056180136054965	0.0161800570225633	-0.0400340401024773	NA	0.127629515689047	-0.00368659282854022	NA	0.0172773966027168	-0.0966640172414405	-0.0909632831064437	-0.0218603164655088
"3R.54"	66	-0.0970150168587236	-0.0662597213382398	0.0219136320021096	0.0165145172190048	-0.0475283883728383	0.0340639077983401	0.097947506176437	0.00452274753841219	-0.0260391169276142	-0.078766582868694	-0.010758184694601
"3R.55"	57	NA	NA	0.0733356509822816	NA	NA	NA	-0.0104552519618347	0.115709518117017	0.11186789951811	NA	0.0926017752501958
"3R.56"	29	0.0174545071857067	0.0184603862172609	0.0208994922222014	0.0739036998441101	-0.0146034634924598	0.0180774763608454	0.0520549082865917	0.0610284827726454	0.0381979840974047	-0.00995191798296703	0.0196799392197312
"3R.32"	180	0.0433468441730389	0.0275814106809276	0.0633561825758268	0.0289886854401247	0.0256946645902483	0.0376938991026693	0.041795877763136	0.00371026773145691	0.0135598898389848	0.0232075076688152	0.0282850480605261
"3R.33"	20	0.0281819439833062	0.0338115563447915	0.0524445328997607	0.0266395209929782	-0.00769756929732897	0.0162066490228591	0.0075301951982182	0.0375557765144864	0.0523905716884071	0.0172544008233214	0.0274107324881422
"3R.34"	73	0.0362574869050427	0.101097042559858	0.036487871342949	0.0311142338039047	0.0433931699139927	0.0147445214638831	0.0717991531180801	0.0447428140041149	0.0296715150589944	0.0525661389194787	0.0399405206284709
"3R.35"	42	-0.0167076670549089	0.0329794466423039	0.0407242606266874	0.0515714400480442	0.0467358597511204	0.00256343880825175	0.0372719097102346	0.0511561743433211	0.0282262149903012	0.0411282921780373	0.038998085168461
"3R.36"	107	0.0568922085464887	0.0601062721683893	0.0680774626241111	0.058138553881811	NA	0.0282432620129068	0.0555669254751859	0.0615275563499443	0.0389201720051687	-0.067796650707764	0.0568922085464887
"3R.37"	26	-0.0942378065534011	-0.0222760599476181	-0.0226702210185113	-0.0643347048411671	0.118146457329328	0.0274049571364388	0.0174842548522428	0.000540270772852258	-0.0170908573216911	-0.0847856218865997	-0.0196834586346546
"3R.38"	177	0.0609392056760131	0.0302240426952668	0.0885886251855268	0.0228120783668071	0.00441847843255653	0.0333816180071487	0.0156781081827552	0.05876851336999	-0.0113933397791135	0.0431695864300053	0.0318028303512078
"3R.39"	172	-0.0115526433094767	0.0622198142733379	0.0847978966203691	0.0750571041658433	-0.011533938863314	NA	0.0499305304764346	0.00928557168623819	0.0778359550051064	0.0472823061165465	0.0499305304764346
"3R.40"	358	0.0532299051526898	0.0456062998518938	0.0370413511620673	0.0266335833837011	0.0305554661133314	0.0280205916525519	0.0399031534485944	0.0458372563950797	0.00713159778252068	0.0461163219148116	0.0384722523053308
"3R.42"	25	0.0101432764126184	-0.0591830350558811	-0.0011127784452592	-0.00691669247479189	0.0881276459035141	0.0368896893839794	0.015897469069677	0.0333652612997528	0.0473691147535209	0.0379407931581732	0.0246313651847149
"3R.43"	20	NA	0.0255063765159279	0.0383221012193552	0.0715433708912755	0.042898040602798	NA	NA	NA	0.153976037699217	NA	0.042898040602798
"X.6"	27	0.0822856743489436	-0.0090822428657356	0.0356691993801058	-0.0243641677566324	0.0499548668926356	0.0384469404535621	0.0540126492213789	0.00763045447045602	0.015550845495647	0.0335215432626664	0.0345953713213861
"X.7"	92	0.0427008178488639	0.0224404643289311	0.065303548448285	-0.0469935292817647	0.0200092455795965	-0.00106180817342152	0.0126096231305733	0.0578128191053262	-0.0204361978907559	0.0452352063731823	0.0212248549542638
"X.8"	22	0.0340402695402237	0.00538292850082116	0.0534884259180035	0.0194209099227081	0.00710364271227156	0.0177842537960912	0.0109763576025448	0.0227812343269503	0.121598509112989	0.0321825509713362	0.0211010721248292
"X.9"	105	0.0652758136013071	0.0164269039421104	0.0177604504518723	-0.032559628115824	0.0201877248631815	0.000543195073041064	0.0664061032866257	0.0301338029943019	0.0420514218715804	0.0427002060269588	0.0251607639287417
"X.11"	54	0.0375752552756587	0.0516302490381942	0.120456892509419	NA	0.0202390689700364	NA	0.135471434396167	-0.0065332036486578	0.0215269120384604	0.0334564261386625	0.0355158407071606
"X.10"	220	0.00881187103980915	0.0696163455821618	0.00437320523463738	NA	0.086594825451745	0.0153756820439258	0.0233879587690121	0.0621896778024586	0.0513286963452142	-0.00735327502642154	0.0233879587690121
"X.1"	30	0.0490336742972337	0.0357824757570599	0.0457069817939246	0.031268819231001	0.0521517273055561	-0.0324676566486892	0.00762349905536631	NA	0.0271835113750903	0.0656862853539334	0.0357824757570599
"X.2"	26	0.0987771536098928	0.0654744068844177	-0.0505073977394209	0.00994633400303575	NA	0.068152379468458	NA	0.0407588932627337	0.0685311862672609	NA	0.0654744068844177
"X.3"	41	0.0390906753607277	0.029518751684104	0.0456684310602683	0.0615001327915623	0.00584013630083636	0.00766498685944031	0.0270193948282977	-0.00208133720863749	0.0267654015522384	0.0271075476158893	0.0270634712220935
"X.5"	25	0.0325994766959832	0.0184712107390266	-0.0713958160751018	0.0126855852162146	0.053479336606124	0.0400405896576505	0.0623903423120171	0.0493133695985927	0.0102359498502387	0.0473863375677755	0.0363200331768168
"X.4"	39	0.0540927944096136	NA	0.0257958821890685	0.0507008985030016	NA	0.0286733755074371	0.0352216029856359	0.0148095466805451	0.0502877737770712	0.0713103910390262	0.0427546883813536
